%YAML:1.0
depthShift: -7.4093329525478344e+00
